0.1 0.1 0 0 2
0.1 0.2 0 -1 50001
0.1 0.3 0 1 25
0.1 0.4 0 1 14
0.1 0.5 0 1 4
0.1 0.6 0 1 5
0.1 0.7 0 1 3
0.1 0.8 0 1 2
0.1 0.9 0 1 1
0.2 0.1 0 0 5
0.2 0.2 0 0 36
0.2 0.3 0 -1 50001
0.2 0.4 0 -1 50001
0.2 0.5 0 1 5560
0.2 0.6 0 1 224
0.2 0.7 0 1 66
0.2 0.8 0 1 18
0.2 0.9 0 1 14
0.3 0.1 0 0 3
0.3 0.2 0 0 57
0.3 0.3 0 -1 50001
0.3 0.4 0 -1 50001
0.3 0.5 0 -1 50001
0.3 0.6 0 -1 50001
0.3 0.7 0 -1 50001
0.3 0.8 0 1 379
0.3 0.9 0 1 421
0.4 0.1 0 0 2
0.4 0.2 0 0 50
0.4 0.3 0 0 16188
0.4 0.4 0 -1 50001
0.4 0.5 0 -1 50001
0.4 0.6 0 -1 50001
0.4 0.7 0 -1 50001
0.4 0.8 0 -1 50001
0.4 0.9 0 1 498
0.5 0.1 0 0 2
0.5 0.2 0 0 6
0.5 0.3 0 -1 50001
0.5 0.4 0 -1 50001
0.5 0.5 0 -1 50001
0.5 0.6 0 -1 50001
0.5 0.7 0 -1 50001
0.5 0.8 0 -1 50001
0.5 0.9 0 1 10564
0.6 0.1 0 0 2
0.6 0.2 0 0 8
0.6 0.3 0 0 22180
0.6 0.4 0 -1 50001
0.6 0.5 0 -1 50001
0.6 0.6 0 -1 50001
0.6 0.7 0 -1 50001
0.6 0.8 0 -1 50001
0.6 0.9 0 1 485
0.7 0.1 0 0 2
0.7 0.2 0 0 19
0.7 0.3 0 -1 50001
0.7 0.4 0 -1 50001
0.7 0.5 0 -1 50001
0.7 0.6 0 -1 50001
0.7 0.7 0 -1 50001
0.7 0.8 0 1 6663
0.7 0.9 0 1 87
0.8 0.1 0 0 1
0.8 0.2 0 0 3
0.8 0.3 0 0 14011
0.8 0.4 0 -1 50001
0.8 0.5 0 -1 50001
0.8 0.6 0 -1 50001
0.8 0.7 0 -1 50001
0.8 0.8 0 1 835
0.8 0.9 0 1 141
0.9 0.1 0 0 1
0.9 0.2 0 0 1
0.9 0.3 0 0 6443
0.9 0.4 0 -1 50001
0.9 0.5 0 -1 50001
0.9 0.6 0 -1 50001
0.9 0.7 0 -1 50001
0.9 0.8 0 0 55
0.9 0.9 0 1 852
