0.1 0.1 0 0 3
0.1 0.2 0 -1 50001
0.1 0.3 0 1 6467
0.1 0.4 0 1 178
0.1 0.5 0 1 9
0.1 0.6 0 1 7
0.1 0.7 0 1 7
0.1 0.8 0 1 6
0.1 0.9 0 1 3
0.2 0.1 0 0 9
0.2 0.2 0 0 1437
0.2 0.3 0 -1 50001
0.2 0.4 0 -1 50001
0.2 0.5 0 -1 50001
0.2 0.6 0 -1 50001
0.2 0.7 0 1 6822
0.2 0.8 0 1 1913
0.2 0.9 0 1 640
0.3 0.1 0 0 4
0.3 0.2 0 0 2577
0.3 0.3 0 -1 50001
0.3 0.4 0 -1 50001
0.3 0.5 0 -1 50001
0.3 0.6 0 -1 50001
0.3 0.7 0 -1 50001
0.3 0.8 0 -1 50001
0.3 0.9 0 -1 50001
0.4 0.1 0 0 5
0.4 0.2 0 0 7542
0.4 0.3 0 -1 50001
0.4 0.4 0 -1 50001
0.4 0.5 0 -1 50001
0.4 0.6 0 -1 50001
0.4 0.7 0 -1 50001
0.4 0.8 0 -1 50001
0.4 0.9 0 -1 50001
0.5 0.1 0 0 3
0.5 0.2 0 0 1717
0.5 0.3 0 -1 50001
0.5 0.4 0 -1 50001
0.5 0.5 0 -1 50001
0.5 0.6 0 -1 50001
0.5 0.7 0 -1 50001
0.5 0.8 0 -1 50001
0.5 0.9 0 -1 50001
0.6 0.1 0 0 2
0.6 0.2 0 0 770
0.6 0.3 0 -1 50001
0.6 0.4 0 -1 50001
0.6 0.5 0 -1 50001
0.6 0.6 0 -1 50001
0.6 0.7 0 -1 50001
0.6 0.8 0 -1 50001
0.6 0.9 0 1 2351
0.7 0.1 0 0 7
0.7 0.2 0 0 1626
0.7 0.3 0 -1 50001
0.7 0.4 0 -1 50001
0.7 0.5 0 -1 50001
0.7 0.6 0 -1 50001
0.7 0.7 0 -1 50001
0.7 0.8 0 -1 50001
0.7 0.9 0 1 358
0.8 0.1 0 0 3
0.8 0.2 0 0 2564
0.8 0.3 0 -1 50001
0.8 0.4 0 -1 50001
0.8 0.5 0 -1 50001
0.8 0.6 0 -1 50001
0.8 0.7 0 -1 50001
0.8 0.8 0 -1 50001
0.8 0.9 0 1 49
0.9 0.1 0 0 1
0.9 0.2 0 0 1183
0.9 0.3 0 -1 50001
0.9 0.4 0 -1 50001
0.9 0.5 0 -1 50001
0.9 0.6 0 -1 50001
0.9 0.7 0 -1 50001
0.9 0.8 0 0 81
0.9 0.9 0 0 285
