0.1 0.1 0 0 7
0.1 0.2 0 -1 50001
0.1 0.3 0 -1 50001
0.1 0.4 0 -1 50001
0.1 0.5 0 1 4185
0.1 0.6 0 1 136
0.1 0.7 0 1 10
0.1 0.8 0 1 51
0.1 0.9 0 1 79
0.2 0.1 0 0 9
0.2 0.2 0 -1 50001
0.2 0.3 0 -1 50001
0.2 0.4 0 -1 50001
0.2 0.5 0 -1 50001
0.2 0.6 0 -1 50001
0.2 0.7 0 -1 50001
0.2 0.8 0 -1 50001
0.2 0.9 0 1 10488
0.3 0.1 0 0 40
0.3 0.2 0 -1 50001
0.3 0.3 0 -1 50001
0.3 0.4 0 -1 50001
0.3 0.5 0 -1 50001
0.3 0.6 0 -1 50001
0.3 0.7 0 -1 50001
0.3 0.8 0 -1 50001
0.3 0.9 0 -1 50001
0.4 0.1 0 0 28
0.4 0.2 0 -1 50001
0.4 0.3 0 -1 50001
0.4 0.4 0 -1 50001
0.4 0.5 0 -1 50001
0.4 0.6 0 -1 50001
0.4 0.7 0 -1 50001
0.4 0.8 0 -1 50001
0.4 0.9 0 -1 50001
0.5 0.1 0 0 73
0.5 0.2 0 -1 50001
0.5 0.3 0 -1 50001
0.5 0.4 0 -1 50001
0.5 0.5 0 -1 50001
0.5 0.6 0 -1 50001
0.5 0.7 0 -1 50001
0.5 0.8 0 -1 50001
0.5 0.9 0 -1 50001
0.6 0.1 0 0 40
0.6 0.2 0 -1 50001
0.6 0.3 0 -1 50001
0.6 0.4 0 -1 50001
0.6 0.5 0 -1 50001
0.6 0.6 0 -1 50001
0.6 0.7 0 -1 50001
0.6 0.8 0 -1 50001
0.6 0.9 0 -1 50001
0.7 0.1 0 0 12
0.7 0.2 0 -1 50001
0.7 0.3 0 -1 50001
0.7 0.4 0 -1 50001
0.7 0.5 0 -1 50001
0.7 0.6 0 -1 50001
0.7 0.7 0 -1 50001
0.7 0.8 0 -1 50001
0.7 0.9 0 1 34553
0.8 0.1 0 0 82
0.8 0.2 0 -1 50001
0.8 0.3 0 -1 50001
0.8 0.4 0 -1 50001
0.8 0.5 0 -1 50001
0.8 0.6 0 -1 50001
0.8 0.7 0 -1 50001
0.8 0.8 0 -1 50001
0.8 0.9 0 1 2277
0.9 0.1 0 0 65
0.9 0.2 0 -1 50001
0.9 0.3 0 -1 50001
0.9 0.4 0 -1 50001
0.9 0.5 0 -1 50001
0.9 0.6 0 -1 50001
0.9 0.7 0 -1 50001
0.9 0.8 0 -1 50001
0.9 0.9 0 1 296
